Webots Project File version R2023b
perspectives: 000000ff00000000fd0000000300000000000001ca0000039ffc0200000001fb00000012005300630065006e0065005400720065006501000000000000039f000000000000000000000001000002b30000031afc0200000001fb0000001400540065007800740045006400690074006f0072010000001a0000031a0000008b00ffffff0000000300000780000000d0fc0100000002fc00000000000007800000006900fffffffa000000010100000002fb0000001a0043006f006e0073006f006c00650041006c006c0041006c006c0300000002000003680000077e000000d0fb0000001a0043006f006e0073006f006c00650041006c006c0041006c006c0100000000ffffffff0000006900fffffffb0000000e0043006f006e0073006f006c006501000001d0000005b00000000000000000000004cb0000031a00000004000000040000000100000008fc00000000
simulationViewPerspectives: 000000ff00000001000000020000016c000004a00100000002010000000101
sceneTreePerspectives: 000000ff0000000100000003000000220000025b000000fa0100000002010000000201
minimizedPerspectives: 000000ff00000000fd0000000300000000000001ca0000039ffc0200000001fb00000012005300630065006e0065005400720065006501000000000000039f000000000000000000000001000002b30000031afc0200000001fb0000001400540065007800740045006400690074006f0072010000001a0000031a0000008b00ffffff0000000300000780000000d0fc0100000002fb0000000e0043006f006e0073006f006c006501000001d0000005b00000000000000000fb0000001a0043006f006e0073006f006c00650041006c006c0041006c006c0100000000000007800000006900ffffff000004cb0000031a00000004000000040000000100000008fc00000000
maximizedDockId: -1
centralWidgetVisible: 1
orthographicViewHeight: 1
textFiles: 0 "controllers/e_puck/e_puck.py"
consoles: Console:All:All
consoles: Console:All:All
renderingDevicePerspectives: e-puck:camera;1;0.192188;0;2.31289e-10
