Webots Project File version R2023b
perspectives: 000000ff00000000fd00000002000000010000067f000002b0fc0200000001fb0000001400540065007800740045006400690074006f00720100000016000002b00000004100ffffff000000030000078000000114fc0100000003fb0000001a0043006f006e0073006f006c00650041006c006c0041006c006c0100000000000007800000006900fffffffc00000000000007800000000000fffffffa000000000100000001fb0000001a0043006f006e0073006f006c00650041006c006c0041006c006c0100000000ffffffff0000000000000000fb0000001a0043006f006e0073006f006c00650041006c006c0041006c006c0100000000000007800000000000000000000000ff000002b000000001000000020000000100000008fc00000000
simulationViewPerspectives: 000000ff000000010000000200000173000004ed0100000002010000000100
sceneTreePerspectives: 000000ff00000001000000030000001e000000c0000000fa0100000002010000000200
maximizedDockId: -1
centralWidgetVisible: 1
orthographicViewHeight: 1
textFiles: -1
consoles: Console:All:All
renderingDevicePerspectives: robot:CAM;1;0.132292;0;0.0317919
